1964          .              .        27188            .
1965          .              .        22270            .
1966          .              .        45608            .
1967          .              .        38901            .
1968          .              .        39918            .
1969          .              .        45454            .
1970          .              .        65386            .
1971          .              .        86572            . 
1972        3342           1966      133602           0.014 
1973        3380           4397      170220           0.033 
1974        3346           3527      170000           0.071 
1975        3065           4872           .           0.182 
1976        2696           4966           .           0.243 
1977        2657            906      306122           0.127 
1978        2797           3277      485370           0.176 
1979        2450           5466      586290           0.247 
1980        1996           5419      615048           0.268 
1981        1997           6853      641598           0.212 
1982        1825           1411      607700           0.209 
1983        2193            836      567100           0.213 
1984        2218           6937      479600           0.200 
1985        2178           2284      467700           0.208 
1986        1807           2784      380500           0.218
1987        2050           5614      401700           0.234     
1988        2028           2675      377000           0.275   
1989        2082           6800      288900           0.254 
1990        1990           5300      302900           0.306

